1.000000000000000000e+00 1.325195789337158203e+00
2.000000000000000000e+00 1.236494660377502441e+00
3.000000000000000000e+00 1.216444015502929688e+00
4.000000000000000000e+00 1.190547108650207520e+00
5.000000000000000000e+00 1.181721448898315430e+00
6.000000000000000000e+00 1.169528126716613770e+00
7.000000000000000000e+00 1.166078567504882812e+00
8.000000000000000000e+00 1.160892844200134277e+00
9.000000000000000000e+00 1.158155918121337891e+00
1.100000000000000000e+01 1.152660369873046875e+00
1.200000000000000000e+01 1.151490330696105957e+00
1.300000000000000000e+01 1.146584033966064453e+00
1.700000000000000000e+01 1.143954515457153320e+00
1.900000000000000000e+01 1.143901586532592773e+00
2.000000000000000000e+01 1.142136454582214355e+00
2.200000000000000000e+01 1.141622781753540039e+00
2.300000000000000000e+01 1.140281915664672852e+00
2.400000000000000000e+01 1.139162778854370117e+00
2.500000000000000000e+01 1.136431217193603516e+00
2.600000000000000000e+01 1.136002182960510254e+00
2.900000000000000000e+01 1.135973930358886719e+00
3.000000000000000000e+01 1.135498523712158203e+00
